image: mymap.pgm
resolution: 0.250000
origin: [-104.000000, -235.750000, 0]
negate: 0
occupied_thresh: 0.65
free_thresh: 0.196

